2 15722.663464 0.980800
4 18100.185966 0.984000
6 21343.114456 0.983600
8 21523.795432 0.982800
10 21422.359359 0.982800
12 21363.457238 0.982800
14 21325.945617 0.982000
16 21289.927691 0.982000
18 21244.535164 0.982000
20 21185.830434 0.982400
22 21113.633559 0.982400
24 21029.273473 0.982000
26 20934.734684 0.982800
28 20832.612449 0.983200
30 20726.164762 0.983200
32 20619.079228 0.983600
34 20514.971978 0.983200
36 20416.849237 0.983200
38 20326.756216 0.983200
40 20245.705097 0.983200
42 20173.830148 0.983200
44 20110.647777 0.982800
46 20055.313557 0.982400
48 20006.821131 0.982400
50 19964.133705 0.982400
52 19926.261266 0.982400
54 19892.301177 0.982400
56 19861.456408 0.982400
58 19833.040721 0.982400
60 19806.476393 0.982400
62 19781.287656 0.982400
64 19757.091750 0.982400
66 19733.588731 0.981200
68 19710.550831 0.981600
70 19687.811877 0.981200
72 19665.257173 0.981200
74 19642.814083 0.981600
76 19620.443513 0.981600
78 19598.132370 0.981600
80 19575.887062 0.981600
82 19553.728022 0.981200
84 19531.685199 0.980800
86 19509.794459 0.980800
88 19488.094773 0.980800
90 19466.626095 0.980000
92 19445.427820 0.980000
94 19424.537695 0.980000
96 19403.991118 0.980000
98 19383.820695 0.979600
100 19364.056026 0.979600
102 19344.723624 0.979600
104 19325.846946 0.979200
106 19307.446479 0.978800
108 19289.539874 0.979200
110 19272.142094 0.979200
112 19255.265566 0.979200
114 19238.920332 0.979200
116 19223.114196 0.978800
118 19207.852859 0.978800
120 19193.140035 0.978800
122 19178.977574 0.978800
124 19165.365560 0.978800
126 19152.302409 0.978800
128 19139.784969 0.978800
130 19127.808600 0.979200
132 19116.367270 0.979200
134 19105.453640 0.979200
136 19095.059153 0.979200
138 19085.174126 0.979200
140 19075.787841 0.979200
142 19066.888642 0.979200
144 19058.464025 0.978800
146 19050.500741 0.978800
148 19042.984888 0.978800
150 19035.902008 0.978800
152 19029.237185 0.978800
154 19022.975131 0.978800
156 19017.100281 0.978800
158 19011.596875 0.978800
160 19006.449040 0.978800
162 19001.640869 0.978800
164 18997.156487 0.978800
166 18992.980122 0.978800
168 18989.096161 0.978800
170 18985.489208 0.978400
172 18982.144131 0.978400
174 18979.046104 0.978400
176 18976.180652 0.978400
178 18973.533677 0.978400
180 18971.091491 0.978400
182 18968.840842 0.978400
184 18966.768931 0.978400
186 18964.863434 0.978400
188 18963.112512 0.978400
190 18961.504826 0.978000
192 18960.029543 0.978000
194 18958.676341 0.978000
196 18957.435418 0.977600
198 18956.297487 0.977600
200 18955.253782 0.977600
202 18954.296053 0.978000
204 18953.416564 0.977600
206 18952.608087 0.977600
208 18951.863897 0.977600
210 18951.177764 0.977600
212 18950.543940 0.977600
214 18949.957153 0.977600
216 18949.412591 0.978000
218 18948.905888 0.978400
220 18948.433111 0.978400
222 18947.990741 0.978400
224 18947.575654 0.978400
226 18947.185103 0.978400
228 18946.816698 0.978400
230 18946.468381 0.978400
232 18946.138409 0.978400
234 18945.825327 0.978400
236 18945.527948 0.978400
238 18945.245328 0.978400
240 18944.976747 0.978400
242 18944.721685 0.978400
244 18944.479806 0.978400
246 18944.250935 0.978400
248 18944.035045 0.978400
250 18943.832240 0.978400
252 18943.642745 0.978400
254 18943.466894 0.978000
256 18943.305125 0.978000
258 18943.157972 0.978000
260 18943.026067 0.978000
262 18942.910134 0.978000
264 18942.810998 0.977600
266 18942.729583 0.977600
268 18942.666922 0.977600
270 18942.624160 0.977200
272 18942.602568 0.977200
274 18942.603546 0.976800
